10


5 4 6 1
1 1
2
新生训练营见面会（6）
认识你未来的同学

2 0 2 20
1 2
1
刚来到学校，就有男生给你表白；点击选择接受表白


4 1 2 0
2 3
1
报名参加院系入学研讨会（2）

6 4 3 2
6 1
2
百团大战
加入苏韵协会（3）

3 0 2 0
1 3
2
追剧《公诉精英》
看看热巴的神仙颜值（2）

3 0 2 0
2 3
2
追剧《公诉精英》
看看热巴的神仙颜值（2）

3 0 2 0
3 3
2
追剧《公诉精英》
看看热巴的神仙颜值（2）

3 0 2 0
4 3
2
追剧《公诉精英》
看看热巴的神仙颜值（2）


6 4 3 1
6 2
2
百团大战
加入爱心社（3）

10 6 4 5
7 1
1
参与校花竞选

5

3 3 2 1
1 1
1
上学期考砸了，可是发现自己并没有玩的特别好的朋友，选择交朋友并向其倾诉

5 0 2 0
2 3
1
挑选精致化妆品，做一个精致的校花！（2）

8 2 4 3
5 3
2
社团活动，不巧的是你的学习任务还没有完成（4）
选择此项代表参加

2 0 2 0
4 2
1
被数学搞自闭了，不想学习了（可怜），先刷会儿bilibili

10 5 6 0
6 1
1
创建bilibili账号，试着成为up主(6)

7
35 2 0 0
6 1
1
出国留学（因为你的英语特别好，你并不用进行额外的学习，但若你选择此项，就意味着你放弃了保研进组）

5 1 6 0
6 1
2
寻找导师，保研进组（与出国留学互斥，后面也是如此）（6）
#持续性任务：若选择此项，后面的同类项必须选择

5 1 6 0
6 2
1
寻找导师，保研进组（与出国留学互斥，后面也是如此）（6）

5 1 6 0
6 3
1
寻找导师，保研进组（与出国留学互斥，后面也是如此）（6）

5 1 6 0
7 1
1
寻找导师，保研进组（与出国留学互斥，后面也是如此）（6）

5 1 6 0
7 2
1
寻找导师，保研进组（与出国留学互斥，后面也是如此）（6）

10 3 6 5
7 3
2
毕业啦
毕业晚会报名（6）