7


5 4 6 2
1 1
2
新生训练营见面会（6）
认识你未来的同学

8 1 3 0
1 3
2
参加韩国男模展会
学习穿搭技巧，以让自己变得更好看（3）

4 1 2 0
2 3
1
报名参加院系入学研讨会（2）

0 -2 1 0
3 3
1
看到室友学习，上去说“你怎么这么卷”

-1 -2 3 0
6 3
1
深夜学习，被室友狂嘘打乱节奏，与室友激烈争吵

6 4 3 2
6 1
2
百团大战
加入骑行社（3）


6 4 3 2
6 2
2
#百团大战
加入爱心社（3）


4


0 0 4 10
3 3
2
对凌苏有好感，主动找她聊天
苏姐的美貌有把你惊艳到

8 3 2 1
5 2
2
百团大战
加入易理社

10 0 6 0
7 1
2
研读课外辅导资料
为期末做准备
0 -3 1 0
7 3
1
询问同学的成绩并向同学boast期末考试成绩


5

2 0 6 20
1 3
2
向凌苏表白
Je--t'embrasse--tendrement

3 0 3 10
3 3
2
被拒绝，再次向苏姐表白（如果你曾经没有表过白，就当是第一次）
Je--t'embrasse--tendrement--again

8 2 4 3
5 3
1
社团活动，不巧的是你的学习任务还没有完成（你的任务会比别人多）（4）

8 2 4 3
6 1
1
又是社团活动，不巧的是你的学习任务还是没有完成（你的任务会比别人多）（4）

10 3 6 5
7 3
2
毕业啦
毕业晚会报名（6）