10


5 4 6 2
1 1
2
新生训练营见面会（6）
认识你未来的同学

4 1 2 0
2 3
1
报名参加院系入学研讨会（2）

6 4 3 2
6 1
2
百团大战
加入旅行社（3）

3 0 2 0
1 3
2
追剧《公诉精英》
看看热巴的神仙颜值（2）

3 0 2 0
2 3
2
追剧《公诉精英》
看看热巴的神仙颜值（2）

3 0 2 0
3 3
2
追剧《公诉精英》
看看热巴的神仙颜值（2）

3 0 2 0
4 3
2
追剧《公诉精英》
看看热巴的神仙颜值（2）


6 4 3 0
6 2
2
百团大战
加入爱心社（3）

3 0 3 0
7 3
1
陪男朋友去吃饭，与男友畅聊未来（3）

10 2 6 0
7 1
2
找同学问题
为期末做准备


7

7 0 3 0
6 3
1
和男朋友吵架，哄他开心（虽然好像反过来了www）（3）

10 1 6 0
2 3
1
挑选化妆品，让自己更漂亮

8 2 4 3
5 3
1
社团活动，不巧的是你的学习任务还没有完成（4）


2 0 2 0
1 2
1
被数学搞自闭了，不想学习了（可怜），先刷会儿bilibili

10 3 6 0 
7 1
1
期末考前出去旅游

10 3 6 0 
7 2
1

期末考前出去旅游（注：如果之前选了出去旅游，此项为必选）

10 3 6 0 
7 3
1
期末考前出去旅游（注：如果之前选了出去旅游，此项为必选）

2

4 2 2 0
1 3
1
虽然你开始不是很喜欢汤渝，但是你发现它真的变了好多
敞开心扉和他聊天

10 3 6 5
7 3
2
毕业啦
毕业晚会报名（6）