10

5 4 6 5
1 1
2
新生训练营见面会（6）
认识你未来的同学

8 1 3 0
1 3
2
参加韩国男模展会
学习穿搭技巧，以让自己变得更好看（3）

4 1 2 0
2 3
1
报名参加院系入学研讨会（2）

6 4 3 2
6 1
2
百团大战
加入骑行社（3）


6 4 3 2
6 2
2
百团大战
加入跑步协会（3）

5 0 2 0
7 3
2
今天情绪有点崩溃
出门骑车，随缘停下

6 1 3 0
7 2
1
头发有点长了，去找tony老师剪头(3)

0 0 4 10
3 3
2
对凌苏有好感，主动找她聊天
苏姐的美貌有把你惊艳到

8 3 3 1
5 2
2
百团大战
加入易理社

10 0 6 0
7 1
2
研读课外辅导资料
为期末做准备

7

2 1 0 0
1 1
2
上学期成绩出来，你不出意外地获得了高分
同学询问成绩，但你闭口不谈

3 1 1 4
1 2
1
第一次见凌苏，前去要女神vx

5 1 4 30
5 3
1
被挂表白墙，被女生约出来吃饭，但你不喜欢她，准备先接受试试看

3 -1 1 0
5 3
1
被挂表白墙，被女生约出来吃饭，但你不喜欢她，果断拒绝（注：与前面的接受互斥！）

7 2 6 3
6 1
1
参加社团活动，为成为社团骨干成员（6）

9 0 2 0
7 3
1
突然emo,找到好朋友姜妍倾诉（2）

6 0 2 0
7 2
1
期末考前，抽出时间看世锦赛
10
6 1 6 0
6 1
1
学习雅思，争取出国留学（注：持续性任务，若选择此项，后面所有的同类必须选择）（6）

7 1 6 0
6 2
1
学习雅思，争取出国留学（6）

7 1 3 0
6 3
1
学习雅思，争取出国留学(6)

4 1 3 0
7 1
1
学习雅思，争取出国留学(6)

4 1 3 0
7 2
1
学习雅思，争取出国留学(6)


10 1 6 0
6 1
2
寻找导师，保研进组（与出国留学互斥，后面也是如此）（6）
#持续性任务：若选择此项，后面的同类项必须选择

10 1 6 0
6 2
1
寻找导师，保研进组（与出国留学互斥，后面也是如此）（6）

10 1 3 0
6 3
1
寻找导师，保研进组（与出国留学互斥，后面也是如此）（3）

10 1 3 0
7 1
1
寻找导师，保研进组（与出国留学互斥，后面也是如此）（3）


10 3 6 5
7 3
2
毕业啦
毕业晚会报名（6）