5 1 40 数学分析
1
2
2 1
4 2
5 1 60 数学分析(实验班)
1
2
2 1
4 2
5  1 30 高等数学(必选,可用数学分析及其实验班顶替)
1
2
2 1
4 2
5  1 30 线性代数(必选,可用高等代数或者超等代数顶替)
1
2
1 2
3 1
5  1 40 高等代数
1
2
1 2
3 1
5  1 60 超等代数
1
2
1 2
3 1
3 2 20 力学(必选)
1
2
1 1
4 1
2 2 10 热学
1
1
5 1
5 3 25 C语言基础(必选)
1
2
5 2
3 3
5 3 40 C语言基础(实验班)
1
2
5 2
3 3
2 3 6 信息计算科学概论(理论课)
1
1
6 1

3 6 13 英语听说(必选,可用高级英语听说代替)
1
1
5 3

3 6 18 高级英语听说
1
1
5 3
3 6  13 英语阅读(必选,可用高级英语阅读代替)
2
1
5 3
3 6  18 高级英语阅读
2
1
5 3
3 6 13 英语写作(必选,可用高级英语写作代替)
3
1
5 3
3 6 18 高级英语写作
3
1
5 3
5 1 30 代数结构与组合数学(必选)
2
2
2 1
4 2
5 1 40 代数结构与组合数学(实验班)
2
2
2 1
4 2
5 1  30 离散数学基础(必选,可用离散数学与结构代替)
2
2
1 2
3 1
5 1  40 离散数学结构(与离散数学基础互斥)
2
2
1 2
3 1
6 1 30 数学猜想的深入研究(必选)
3
2
1 2
3 1
6 1 30 集合论与图论(必选)
3
2
1 2
3 1
3 2 20 电磁学(必选)
2
2
1 1
4 1
2 2 10 光学
2
1
5 1
5 3 25 算法分析(必选)
2
2
5 2
3 3
5 3 40 算法分析(实验班)
2
2
5 2
3 3
5 2 30 综合物理学(必选)
3
2
1 1
4 1
6 3 35 数据结构与多项式技巧(必选)
3
2
5 2
3 3
6 3 50 数据结构与多项式技巧(实验班)
3
2
5 2
3 3
2 3 15 计算几何(必选)
3
1
6 1
3 3 15 大数据分析(必选)
2
1
6 1

3 5 10 思修 0 1
3 5 10 马原 0 1
3 5 10 史纲 0 1
3 5 10 毛概 0 1
3 5 10 习概 0 1

2  6  15 英美各地区英语的差异(方言) 0 1
2  6  15 科技前沿论文 0 1
2  6  15 英语考古艺术 0 1
2 6 17 英文即兴演讲发表技巧 0 1 
2 6 12 全美文化概览 0 1
2 7 30 健身健美(实验班) 0 1

2 7 20 攀岩 0 1

2 7 20 壁球 0 1

2 7 20 高尔夫球 0 1

2 7 20 健身健美 0 1

2 7 20 100m跑 0 1

2 7 20 200m跑 0 1

2 7 20 400m跑 0 1

2 7 25 长跑与呼吸技巧 0 1

2 7 10 瑜伽(仅女生) 0 1

2 7 10 健美操(仅女生) 0 1

2 7 20 游泳 0 1

2 7 20 篮球 0 1

2 7 20 足球 0 1

2 4 8 演唱与朗诵 0 1
2 4 6 生活中的心理学  0 1
4 4 15 普通心理学  0 1
3 4 12 社会心理学  0 1
2 4 8 企业管理基础知识  0 1
3 4 12 管理学  0 1
3 4 12 金融学概论  0 1
1  4  4 形象管理与气质修养  0 1
2  4  8 埃及学专题  0 1
2  4  8 媒介与教育演变  0 1
2  4  8 经济学视角下的教育世界  0 1
2  4  8 中国古代文化  0 1
2  4  8 跨文化交流学  0 1
2  4  8 死亡的社会学思考  0 1
2  4  8 巴黎与伦敦:欧洲的双城记  0 1
2  4  8 罗马与米兰:意大利的双城记  0 1
2  4  8 数字技术与经济发展：文献导读和案例讨论  0 1
2  4  8 虚拟现实内容创作  0 1
2  4  8 自动驾驶技术赏析  0 1
2  4  8 工程项目管理中的金融决策  0 1
2  4  8 机器学习算法：从数学到代码  0 1
2  4  8 优化和学习的模拟方法  0 1
2  4  8 《周易本义》精读 0 1
2  4  8 经学通论 0 1
2  4  8 伦勃朗与维米尔 0 1
2  4  8 浅谈一些有争议的历史人物 0 1
2  4  8 免疫检测 0 1
2  4  8 牙买加短跑双星:博尔特与布雷克 0 1
2  4  8 计量经济学因果识别方法详解 0 1
2  4  8 浅谈互联网下的明星包装与人设构造 0 1
2  4  8 中东地区的国际关系 0 1
2  4  8 深入探讨南斯拉夫与铁托 0 1
2  4  8 足球俱乐部的营销学与成功的转会案例 0 1
2  4  8 浪漫研究  0 1
2 4 8 大麻种植与销售 0 1
2 4 8 影视鉴赏 0 1
2 4 8 古代制度研究 0 1
2 4 8 日本经济 0 1
3 4 20 经济学原理 0 2
3 4 20 逻辑导论 0 2
3 4 18 基础医学 0 2
3 4 18 法学概论与维权 0 2
3 4 18 福尔摩斯探案学 0 2
3 4 18 基础化学 0 2
3 4 18 进化学概论 0 2
2 4 8 大学国文 0 1

